500 249500
269 158 202
158 269 202
352 9 871
9 352 871
25 365 966
365 25 966
290 363 677
363 290 677
161 417 754
417 161 754
17 38 529
38 17 529
94 402 244
402 94 244
45 323 634
323 45 634
14 353 889
353 14 889
445 15 70
15 445 70
491 137 229
137 491 229
45 489 590
489 45 590
269 366 955
366 269 955
235 157 170
157 235 170
412 170 588
170 412 588
19 187 626
187 19 626
400 133 880
133 400 880
145 30 203
30 145 203
279 44 409
44 279 409
20 489 276
489 20 276
442 332 413
332 442 413
171 230 255
230 171 255
261 499 621
499 261 621
68 86 778
86 68 778
239 350 948
350 239 948
179 369 487
369 179 487
157 270 972
270 157 972
389 267 502
267 389 502
445 398 47
398 445 47
354 270 888
270 354 888
130 212 573
212 130 573
396 236 303
236 396 303
151 349 654
349 151 654
124 418 240
418 124 240
403 9 442
9 403 442
203 188 312
188 203 312
43 197 434
197 43 434
15 86 53
86 15 53
370 31 803
31 370 803
417 237 573
237 417 573
157 220 785
220 157 785
230 116 373
116 230 373
385 119 223
119 385 223
391 243 641
243 391 641
131 498 502
498 131 502
426 202 42
202 426 42
90 97 239
97 90 239
376 112 677
112 376 677
429 482 209
482 429 209
232 251 298
251 232 298
157 261 518
261 157 518
294 343 634
343 294 634
168 229 605
229 168 605
391 120 349
120 391 349
384 104 699
104 384 699
238 382 901
382 238 901
280 472 850
472 280 850
371 348 463
348 371 463
48 129 297
129 48 297
109 361 401
361 109 401
408 370 662
370 408 662
426 164 5
164 426 5
413 332 86
332 413 86
18 75 559
75 18 559
219 311 15
311 219 15
419 49 897
49 419 897
172 329 221
329 172 221
23 200 69
200 23 69
338 101 198
101 338 198
487 210 411
210 487 411
240 118 281
118 240 281
402 45 297
45 402 297
260 310 482
310 260 482
198 180 57
180 198 57
109 400 721
400 109 721
124 171 270
171 124 270
373 343 100
343 373 100
94 218 152
218 94 152
163 56 753
56 163 753
213 396 464
396 213 464
476 136 934
136 476 934
109 391 331
391 109 331
407 151 641
151 407 641
389 201 822
201 389 822
298 311 574
311 298 574
19 287 245
287 19 245
290 13 440
13 290 440
242 107 659
107 242 659
246 123 67
123 246 67
352 188 963
188 352 963
168 165 100
165 168 100
102 274 491
274 102 491
286 181 494
181 286 494
427 422 547
422 427 547
101 73 858
73 101 858
175 92 498
92 175 498
272 234 11
234 272 11
213 328 970
328 213 970
372 427 93
427 372 93
439 279 282
279 439 282
403 447 299
447 403 299
355 401 73
401 355 73
346 187 607
187 346 607
192 467 381
467 192 381
239 68 454
68 239 454
98 96 899
96 98 899
448 368 633
368 448 633
459 81 814
81 459 814
429 453 241
453 429 241
375 245 372
245 375 372
9 148 319
148 9 319
308 355 72
355 308 72
233 201 260
201 233 260
192 393 227
393 192 227
74 484 147
484 74 147
28 434 243
434 28 243
279 382 112
382 279 112
265 193 193
193 265 193
79 475 499
475 79 499
172 350 744
350 172 744
44 359 244
359 44 244
215 19 99
19 215 99
287 252 152
252 287 152
399 297 897
297 399 897
478 371 881
371 478 881
126 251 316
251 126 316
369 31 50
31 369 50
333 296 744
296 333 744
27 227 719
227 27 719
378 399 421
399 378 421
122 295 132
295 122 132
218 10 151
10 218 151
169 149 255
149 169 255
321 49 52
49 321 52
218 379 275
379 218 275
451 5 27
5 451 27
119 227 910
227 119 910
170 60 206
60 170 206
266 439 785
439 266 785
485 169 184
169 485 184
258 143 831
143 258 831
390 361 341
361 390 341
393 30 842
30 393 842
0 351 891
351 0 891
405 421 771
421 405 771
180 225 628
225 180 628
59 344 707
344 59 707
469 366 768
366 469 768
27 132 59
132 27 59
312 469 729
469 312 729
348 227 872
227 348 872
179 469 86
469 179 86
20 362 116
362 20 116
320 458 120
458 320 120
93 81 800
81 93 800
318 210 212
210 318 212
15 417 181
417 15 181
233 37 709
37 233 709
366 449 373
449 366 373
187 178 222
178 187 222
267 402 901
402 267 901
236 488 274
488 236 274
451 457 489
457 451 489
166 129 947
129 166 947
138 222 529
222 138 529
290 393 91
393 290 91
2 260 8
260 2 8
184 493 398
493 184 398
245 211 847
211 245 847
470 399 377
399 470 377
192 166 779
166 192 779
94 254 620
254 94 620
220 57 929
57 220 929
209 75 58
75 209 58
8 213 632
213 8 632
37 4 377
4 37 377
128 6 137
6 128 137
489 42 631
42 489 631
239 139 194
139 239 194
86 110 93
110 86 93
463 154 111
154 463 111
94 248 218
248 94 218
66 468 775
468 66 775
495 29 851
29 495 851
53 38 916
38 53 916
38 427 772
427 38 772
415 408 631
408 415 631
53 397 673
397 53 673
36 136 665
136 36 665
230 74 627
74 230 627
176 389 781
389 176 781
287 483 382
483 287 382
5 50 702
50 5 702
133 397 232
397 133 232
336 451 270
451 336 270
252 489 49
489 252 49
25 404 957
404 25 957
156 309 354
309 156 354
181 345 342
345 181 342
198 428 768
428 198 768
325 104 657
104 325 657
107 243 493
243 107 493
341 249 543
249 341 543
43 234 440
234 43 440
275 70 243
70 275 243
397 322 584
322 397 584
447 199 841
199 447 841
404 355 150
355 404 150
111 389 848
389 111 848
305 87 128
87 305 128
74 413 732
413 74 732
83 372 827
372 83 827
76 65 928
65 76 928
471 108 162
108 471 162
264 384 732
384 264 732
7 133 907
133 7 907
444 80 106
80 444 106
285 337 314
337 285 314
287 300 203
300 287 203
487 105 790
105 487 790
115 31 55
31 115 55
199 467 779
467 199 779
27 395 344
395 27 344
455 367 453
367 455 453
118 131 689
131 118 689
202 490 674
490 202 674
109 434 107
434 109 107
216 71 944
71 216 944
30 211 596
211 30 596
85 198 53
198 85 53
227 314 437
314 227 437
283 365 404
365 283 404
414 392 799
392 414 799
259 348 518
348 259 518
64 318 649
318 64 649
105 20 492
20 105 492
279 130 926
130 279 926
386 198 850
198 386 850
182 80 61
80 182 61
278 165 759
165 278 759
332 244 425
244 332 425
121 27 791
27 121 791
25 294 35
294 25 35
176 405 735
405 176 735
195 321 53
321 195 53
344 426 426
426 344 426
188 57 56
57 188 56
115 444 106
444 115 106
317 478 538
478 317 538
378 109 555
109 378 555
489 441 299
441 489 299
415 62 179
62 415 179
58 439 973
439 58 973
93 115 378
115 93 378
329 162 199
162 329 199
234 359 125
359 234 125
160 47 534
47 160 534
68 162 478
162 68 478
174 331 309
331 174 309
212 209 918
209 212 918
267 199 711
199 267 711
419 466 125
466 419 125
98 24 564
24 98 564
71 469 531
469 71 531
449 150 194
150 449 194
0 385 553
385 0 553
477 45 100
45 477 100
11 114 115
114 11 115
342 288 446
288 342 446
151 353 508
353 151 508
69 472 59
472 69 59
132 391 525
391 132 525
257 341 401
341 257 401
173 412 722
412 173 722
204 213 873
213 204 873
250 213 258
213 250 258
155 190 303
190 155 303
108 54 417
54 108 417
223 396 58
396 223 58
21 399 763
399 21 763
381 320 87
320 381 87
440 452 331
452 440 331
465 209 672
209 465 672
218 382 85
382 218 85
441 438 298
438 441 298
314 189 864
189 314 864
424 196 554
196 424 554
227 304 960
304 227 960
497 379 856
379 497 856
55 401 255
401 55 255
170 282 75
282 170 75
257 75 379
75 257 379
88 392 588
392 88 588
261 111 322
111 261 322
346 404 113
404 346 113
496 70 802
70 496 802
360 494 350
494 360 350
267 221 155
221 267 155
227 218 34
218 227 34
436 125 787
125 436 787
43 295 922
295 43 922
471 53 497
53 471 497
350 141 389
141 350 389
291 254 352
254 291 352
113 452 756
452 113 756
226 449 826
449 226 826
380 309 172
309 380 172
83 428 746
428 83 746
238 8 316
8 238 316
124 444 942
444 124 942
412 487 89
487 412 89
334 458 494
458 334 494
183 161 488
161 183 488
72 452 742
452 72 742
277 417 695
417 277 695
33 496 644
496 33 644
212 228 805
228 212 805
236 311 86
311 236 86
482 401 94
401 482 94
299 26 390
26 299 390
93 438 877
438 93 877
182 124 688
124 182 688
29 159 201
159 29 201
17 83 653
83 17 653
259 360 422
360 259 422
306 394 918
394 306 918
302 458 999
458 302 999
108 194 310
194 108 310
46 29 712
29 46 712
140 328 238
328 140 238
30 273 28
273 30 28
259 307 4
307 259 4
299 336 663
336 299 663
0 353 98
353 0 98
5 465 959
465 5 959
428 271 705
271 428 705
198 74 515
74 198 515
197 34 209
34 197 209
360 432 590
432 360 590
270 162 954
162 270 954
43 42 65
42 43 65
351 398 865
398 351 865
39 413 865
413 39 865
245 11 223
11 245 223
62 470 651
470 62 651
185 27 701
27 185 701
111 42 399
42 111 399
145 104 759
104 145 759
77 194 183
194 77 183
1 465 197
465 1 197
307 8 239
8 307 239
373 211 637
211 373 637
90 103 402
103 90 402
455 348 913
348 455 913
178 410 736
410 178 736
181 95 263
95 181 263
383 207 306
207 383 306
134 204 262
204 134 262
393 134 456
134 393 456
428 487 921
487 428 921
125 295 282
295 125 282
216 20 845
20 216 845
205 110 448
110 205 448
107 417 648
417 107 648
20 448 410
448 20 410
108 129 506
129 108 506
372 364 565
364 372 565
30 498 121
498 30 121
292 243 755
243 292 755
248 23 595
23 248 595
22 0 242
0 22 242
156 216 762
216 156 762
1 273 724
273 1 724
302 380 641
380 302 641
450 253 441
253 450 441
423 219 85
219 423 85
287 284 115
284 287 115
138 257 759
257 138 759
233 365 508
365 233 508
257 460 882
460 257 882
257 54 538
54 257 538
326 316 39
316 326 39
99 392 693
392 99 693
332 385 644
385 332 644
437 327 357
327 437 357
150 250 576
250 150 576
236 389 712
389 236 712
203 379 321
379 203 321
463 113 686
113 463 686
471 222 646
222 471 646
205 479 200
479 205 200
243 157 868
157 243 868
134 109 612
109 134 612
328 441 998
441 328 998
324 378 177
378 324 177
33 380 779
380 33 779
109 116 668
116 109 668
173 320 400
320 173 400
494 135 513
135 494 513
33 458 235
458 33 235
179 163 566
163 179 566
232 406 224
406 232 224
452 392 333
392 452 333
417 72 126
72 417 126
267 396 856
396 267 856
444 281 236
281 444 236
223 242 353
242 223 353
243 415 25
415 243 25
143 262 660
262 143 660
8 295 118
295 8 118
243 326 281
326 243 281
162 410 39
410 162 39
386 215 783
215 386 783
71 132 856
132 71 856
197 399 604
399 197 604
53 343 386
343 53 386
141 418 128
418 141 128
494 13 896
13 494 896
371 157 658
157 371 658
383 165 805
165 383 805
1 261 631
261 1 631
134 423 394
423 134 394
25 161 609
161 25 609
309 232 241
232 309 241
17 281 992
281 17 992
121 186 687
186 121 687
359 327 105
327 359 105
340 174 618
174 340 618
236 45 627
45 236 627
246 429 293
429 246 293
51 282 906
282 51 906
34 417 329
417 34 329
280 294 490
294 280 490
389 455 74
455 389 74
482 472 855
472 482 855
474 446 41
446 474 41
161 305 220
305 161 220
118 145 394
145 118 394
237 233 940
233 237 940
216 479 221
479 216 221
9 382 3
382 9 3
267 269 272
269 267 272
96 49 419
49 96 419
438 439 874
439 438 874
364 273 199
273 364 199
219 248 645
248 219 645
112 261 302
261 112 302
333 380 300
380 333 300
79 469 533
469 79 533
371 185 365
185 371 365
92 47 599
47 92 599
448 314 868
314 448 868
72 263 918
263 72 918
491 53 709
53 491 709
366 418 834
418 366 834
417 489 934
489 417 934
62 454 696
454 62 696
216 287 928
287 216 928
16 218 249
218 16 249
402 90 286
90 402 286
119 182 333
182 119 333
218 482 0
482 218 0
439 55 615
55 439 615
209 46 20
46 209 20
270 264 938
264 270 938
104 33 280
33 104 280
39 95 734
95 39 734
87 164 873
164 87 873
367 32 91
32 367 91
116 434 33
434 116 33
254 405 568
405 254 568
88 124 50
124 88 50
440 415 457
415 440 457
407 124 856
124 407 856
427 394 472
394 427 472
218 498 506
498 218 506
350 389 953
389 350 953
84 476 117
476 84 117
309 343 650
343 309 650
252 311 436
311 252 436
286 66 842
66 286 842
354 6 818
6 354 818
404 298 233
298 404 233
362 205 709
205 362 709
218 484 603
484 218 603
190 54 453
54 190 453
48 404 843
404 48 843
2 340 171
340 2 171
119 1 15
1 119 15
269 254 678
254 269 678
206 40 744
40 206 744
400 394 602
394 400 602
218 150 900
150 218 900
303 364 957
364 303 957
12 434 794
434 12 794
467 477 348
477 467 348
420 25 605
25 420 605
263 27 297
27 263 297
287 147 299
147 287 299
154 268 53
268 154 53
332 326 945
326 332 945
429 226 191
226 429 191
31 296 841
296 31 841
284 451 58
451 284 58
93 463 992
463 93 992
387 430 821
430 387 821
88 203 347
203 88 347
45 318 226
318 45 226
342 105 225
105 342 225
493 259 994
259 493 994
46 92 672
92 46 672
251 34 256
34 251 256
399 376 540
376 399 540
351 286 134
286 351 134
166 130 873
130 166 873
449 452 961
452 449 961
152 151 358
151 152 358
322 377 701
377 322 701
428 103 694
103 428 694
187 449 93
449 187 93
131 121 436
121 131 436
356 224 971
224 356 971
113 124 699
124 113 699
5 475 485
475 5 485
139 493 615
493 139 615
365 442 919
442 365 919
326 446 570
446 326 570
37 269 448
269 37 448
238 197 903
197 238 903
284 236 352
236 284 352
229 220 825
220 229 825
166 76 50
76 166 50
489 41 674
41 489 674
40 47 501
47 40 501
377 186 846
186 377 846
344 403 789
403 344 789
264 82 87
82 264 87
334 119 856
119 334 856
134 357 905
357 134 905
389 493 994
493 389 994
241 223 214
223 241 214
419 241 142
241 419 142
469 82 684
82 469 684
495 122 731
122 495 731
348 499 769
499 348 769
194 195 25
195 194 25
335 459 107
459 335 107
423 146 726
146 423 726
131 132 583
132 131 583
37 22 428
22 37 428
383 263 651
263 383 651
97 34 744
34 97 744
91 355 326
355 91 326
127 202 800
202 127 800
210 50 651
50 210 651
332 97 847
97 332 847
357 284 306
284 357 306
464 59 304
59 464 304
190 191 937
191 190 937
125 80 459
80 125 459
53 463 574
463 53 574
57 412 461
412 57 461
301 3 816
3 301 816
480 483 19
483 480 19
280 193 921
193 280 921
284 25 18
25 284 18
131 382 155
382 131 155
289 346 714
346 289 714
94 36 257
36 94 257
383 161 337
161 383 337
194 67 652
67 194 652
268 124 64
124 268 64
229 425 420
425 229 420
398 257 403
257 398 403
417 390 448
390 417 448
338 174 974
174 338 974
209 305 356
305 209 356
364 446 55
446 364 55
430 392 443
392 430 443
188 275 105
275 188 105
25 469 172
469 25 172
178 90 648
90 178 648
94 171 925
171 94 925
366 69 683
69 366 683
121 486 73
486 121 73
70 177 747
177 70 747
396 386 904
386 396 904
104 102 850
102 104 850
159 32 243
32 159 243
103 220 370
220 103 370
60 98 340
98 60 340
84 128 430
128 84 430
232 222 101
222 232 101
157 441 523
441 157 523
192 62 9
62 192 9
265 484 186
484 265 186
364 232 424
232 364 424
268 337 878
337 268 878
471 348 911
348 471 911
214 451 131
451 214 131
84 363 581
363 84 581
276 299 209
299 276 209
58 31 784
31 58 784
12 41 725
41 12 725
35 233 139
233 35 139
44 499 476
499 44 476
83 363 708
363 83 708
359 484 545
484 359 545
238 455 394
455 238 394
149 21 697
21 149 697
132 457 913
457 132 913
214 234 212
234 214 212
275 144 244
144 275 244
59 156 637
156 59 637
284 191 370
191 284 370
276 88 221
88 276 221
252 171 937
171 252 937
460 382 421
382 460 421
358 120 228
120 358 228
252 121 249
121 252 249
301 106 558
106 301 558
214 172 144
172 214 144
279 447 789
447 279 789
375 7 945
7 375 945
12 143 137
143 12 137
234 419 77
419 234 77
456 23 600
23 456 600
245 484 482
484 245 482
18 342 955
342 18 955
246 446 576
446 246 576
347 99 534
99 347 534
257 166 706
166 257 706
402 445 6
445 402 6
191 320 865
320 191 865
488 332 360
332 488 360
125 418 632
418 125 632
202 226 155
226 202 155
154 471 991
471 154 991
137 341 333
341 137 333
92 439 631
439 92 631
20 286 583
286 20 583
407 396 749
396 407 749
113 298 694
298 113 694
471 341 366
341 471 366
336 329 50
329 336 50
49 307 468
307 49 468
181 361 195
361 181 195
336 16 518
16 336 518
328 153 860
153 328 860
13 97 799
97 13 799
497 469 938
469 497 938
80 376 834
376 80 834
329 490 632
490 329 632
375 313 473
313 375 473
241 2 654
2 241 654
291 51 961
51 291 961
259 232 823
232 259 823
306 68 839
68 306 839
325 248 492
248 325 492
185 262 441
262 185 441
484 259 910
259 484 910
274 191 787
191 274 787
108 20 129
20 108 129
92 247 942
247 92 942
417 488 444
488 417 444
72 279 995
279 72 995
33 390 227
390 33 227
356 197 648
197 356 648
195 22 896
22 195 896
39 59 10
59 39 10
480 395 621
395 480 621
243 170 312
170 243 312
30 278 184
278 30 184
159 371 931
371 159 931
453 288 919
288 453 919
398 360 550
360 398 550
245 394 941
394 245 941
325 250 990
250 325 990
473 298 864
298 473 864
221 337 423
337 221 423
84 170 818
170 84 818
205 413 988
413 205 988
370 443 119
443 370 119
54 454 842
454 54 842
486 407 630
407 486 630
257 157 843
157 257 843
308 403 89
403 308 89
101 80 191
80 101 191
443 405 989
405 443 989
307 126 679
126 307 679
82 210 349
210 82 349
400 268 614
268 400 614
241 138 909
138 241 909
212 192 715
192 212 715
54 30 974
30 54 974
36 288 132
288 36 132
379 448 887
448 379 887
320 49 467
49 320 467
12 492 872
492 12 872
1 151 350
151 1 350
32 233 913
233 32 913
233 485 181
485 233 181
347 226 171
226 347 171
108 290 715
290 108 715
323 344 746
344 323 746
298 381 534
381 298 534
282 112 334
112 282 334
21 433 383
433 21 383
488 297 727
297 488 727
212 150 878
150 212 878
414 183 611
183 414 611
327 416 96
416 327 96
360 116 675
116 360 675
383 76 465
76 383 465
99 400 662
400 99 662
345 50 543
50 345 543
231 184 7
184 231 7
65 205 792
205 65 792
300 45 89
45 300 89
27 257 240
257 27 240
257 171 923
171 257 923
368 351 191
351 368 191
316 63 659
63 316 659
491 447 236
447 491 236
309 46 988
46 309 988
471 243 890
243 471 890
366 326 74
326 366 74
373 243 779
243 373 779
166 43 824
43 166 824
107 422 433
422 107 433
347 31 956
31 347 956
122 399 659
399 122 659
166 67 723
67 166 723
325 59 670
59 325 670
413 368 568
368 413 568
253 191 163
191 253 163
495 57 989
57 495 989
69 430 84
430 69 84
200 448 479
448 200 479
376 56 901
56 376 901
161 255 932
255 161 932
118 378 183
378 118 183
277 396 750
396 277 750
352 221 661
221 352 661
22 487 381
487 22 381
442 92 572
92 442 572
105 88 129
88 105 129
94 157 412
157 94 412
178 210 212
210 178 212
157 438 620
438 157 620
410 100 876
100 410 876
194 218 606
218 194 606
229 347 2
347 229 2
332 200 75
200 332 75
493 74 414
74 493 414
375 17 7
17 375 7
299 122 95
122 299 95
281 69 104
69 281 104
193 99 166
99 193 166
257 109 105
109 257 105
378 371 705
371 378 705
106 66 923
66 106 923
212 147 122
147 212 122
66 479 322
479 66 322
493 473 897
473 493 897
408 200 766
200 408 766
267 351 388
351 267 388
214 132 809
132 214 809
318 177 409
177 318 409
337 435 370
435 337 370
442 313 241
313 442 241
147 419 659
419 147 659
422 483 807
483 422 807
44 401 786
401 44 786
219 394 611
394 219 611
468 154 663
154 468 663
234 273 515
273 234 515
122 487 647
487 122 647
284 306 177
306 284 177
45 495 612
495 45 612
415 437 277
437 415 277
8 436 48
436 8 48
20 358 531
358 20 531
327 254 784
254 327 784
465 325 530
325 465 530
429 293 185
293 429 185
92 27 458
27 92 458
459 2 446
2 459 446
459 286 604
286 459 604
136 183 451
183 136 451
248 98 388
98 248 388
377 458 824
458 377 824
425 478 34
478 425 34
308 157 140
157 308 140
92 475 466
475 92 466
122 256 259
256 122 259
159 200 639
200 159 639
118 160 641
160 118 641
416 119 779
119 416 779
372 107 462
107 372 462
323 207 412
207 323 412
63 84 870
84 63 870
239 9 849
9 239 849
273 317 858
317 273 858
265 409 333
409 265 333
231 383 589
383 231 589
343 43 290
43 343 290
482 13 302
13 482 302
123 429 273
429 123 273
402 153 380
153 402 380
364 328 587
328 364 587
276 391 171
391 276 171
498 130 532
130 498 532
199 255 201
255 199 201
58 20 610
20 58 610
243 104 345
104 243 345
185 447 888
447 185 888
475 429 401
429 475 401
129 404 682
404 129 682
402 306 687
306 402 687
282 22 515
22 282 515
221 150 258
150 221 258
392 148 740
148 392 740
276 348 995
348 276 995
477 258 868
258 477 868
439 1 472
1 439 472
284 186 419
186 284 419
25 13 700
13 25 700
426 142 604
142 426 604
461 44 262
44 461 262
148 178 136
178 148 136
16 399 286
399 16 286
274 143 286
143 274 286
15 419 986
419 15 986
362 248 244
248 362 244
82 187 746
187 82 746
54 324 784
324 54 784
325 349 298
349 325 298
25 275 292
275 25 292
481 88 689
88 481 689
243 237 219
237 243 219
379 253 119
253 379 119
17 379 614
379 17 614
304 246 886
246 304 886
290 109 134
109 290 134
35 191 674
191 35 674
133 98 498
98 133 498
269 423 847
423 269 847
419 301 474
301 419 474
212 282 63
282 212 63
253 378 652
378 253 652
472 257 405
257 472 405
443 127 636
127 443 636
58 431 383
431 58 383
444 73 344
73 444 344
78 108 387
108 78 387
252 93 985
93 252 985
102 215 261
215 102 261
449 134 914
134 449 914
276 198 196
198 276 196
191 451 426
451 191 426
343 424 684
424 343 684
100 367 663
367 100 663
236 277 594
277 236 594
471 221 167
221 471 167
315 152 628
152 315 628
55 256 73
256 55 73
40 359 288
359 40 288
153 160 923
160 153 923
67 436 973
436 67 973
116 479 425
479 116 425
42 322 201
322 42 201
78 274 420
274 78 420
241 363 698
363 241 698
187 334 271
334 187 271
355 2 923
2 355 923
335 57 680
57 335 680
408 449 391
449 408 391
49 455 551
455 49 551
324 374 340
374 324 340
297 490 819
490 297 819
222 385 994
385 222 994
275 315 268
315 275 268
196 57 983
57 196 983
246 244 818
244 246 818
17 451 172
451 17 172
293 138 81
138 293 81
473 399 882
399 473 882
216 448 837
448 216 837
267 272 212
272 267 212
107 421 554
421 107 554
427 496 939
496 427 939
421 271 755
271 421 755
41 319 664
319 41 664
25 65 260
65 25 260
195 83 64
83 195 64
367 228 702
228 367 702
300 53 601
53 300 601
182 269 49
269 182 49
372 36 673
36 372 673
84 496 95
496 84 95
490 275 91
275 490 91
430 48 214
48 430 214
37 89 534
89 37 534
53 114 99
114 53 99
313 161 534
161 313 534
377 28 762
28 377 762
432 180 815
180 432 815
385 363 84
363 385 84
435 235 473
235 435 473
460 171 969
171 460 969
407 161 744
161 407 744
498 443 144
443 498 144
213 332 733
332 213 733
247 385 200
385 247 200
198 199 361
199 198 361
233 428 742
428 233 742
347 212 422
212 347 422
163 98 637
98 163 637
99 385 224
385 99 224
72 345 395
345 72 395
393 253 409
253 393 409
489 103 852
103 489 852
133 168 185
168 133 185
367 267 70
267 367 70
67 466 121
466 67 121
280 51 402
51 280 402
22 398 614
398 22 614
297 61 64
61 297 64
434 13 449
13 434 449
11 85 147
85 11 147
406 479 900
479 406 900
167 320 855
320 167 855
20 454 876
454 20 876
57 321 143
321 57 143
479 240 461
240 479 461
453 372 12
372 453 12
207 395 263
395 207 263
321 44 676
44 321 676
238 478 689
478 238 689
187 489 127
489 187 127
334 248 958
248 334 958
86 415 278
415 86 278
294 287 232
287 294 232
170 196 905
196 170 905
165 28 497
28 165 497
127 481 370
481 127 370
491 40 617
40 491 617
254 213 661
213 254 661
283 451 491
451 283 491
472 139 333
139 472 333
451 325 581
325 451 581
409 412 348
412 409 348
188 206 488
206 188 488
420 376 536
376 420 536
178 393 564
393 178 564
175 20 397
20 175 397
45 364 437
364 45 437
162 470 651
470 162 651
323 253 454
253 323 454
315 78 593
78 315 593
148 29 919
29 148 919
81 439 683
439 81 683
281 479 389
479 281 389
121 251 617
251 121 617
158 429 510
429 158 510
74 105 883
105 74 883
472 150 747
150 472 747
261 313 717
313 261 717
264 488 471
488 264 471
219 155 401
155 219 401
164 303 930
303 164 930
83 236 721
236 83 721
118 18 700
18 118 700
7 139 452
139 7 452
476 149 233
149 476 233
339 224 838
224 339 838
222 196 989
196 222 989
469 309 654
309 469 654
38 74 142
74 38 142
361 145 298
145 361 298
262 309 453
309 262 453
45 393 542
393 45 542
266 11 560
11 266 560
319 371 51
371 319 51
123 199 201
199 123 201
356 38 277
38 356 277
195 112 973
112 195 973
36 433 134
433 36 134
42 472 708
472 42 708
36 333 853
333 36 853
334 96 163
96 334 163
140 493 908
493 140 908
182 259 771
259 182 771
94 430 494
430 94 494
497 53 694
53 497 694
50 262 584
262 50 584
327 457 697
457 327 697
152 345 130
345 152 130
287 387 954
387 287 954
347 423 640
423 347 640
201 110 588
110 201 588
216 102 81
102 216 81
340 99 730
99 340 730
123 446 79
446 123 79
176 492 630
492 176 630
290 76 809
76 290 809
247 125 962
125 247 962
444 108 249
108 444 249
331 62 596
62 331 596
107 202 149
202 107 149
69 290 217
290 69 217
171 371 545
371 171 545
307 64 997
64 307 997
389 187 943
187 389 943
468 215 935
215 468 935
450 6 511
6 450 511
260 105 489
105 260 489
222 50 597
50 222 597
323 233 659
233 323 659
271 192 714
192 271 714
273 261 4
261 273 4
490 432 728
432 490 728
388 239 292
239 388 292
385 480 831
480 385 831
180 449 546
449 180 546
115 399 52
399 115 52
478 11 158
11 478 158
467 233 560
233 467 560
64 408 145
408 64 145
76 180 838
180 76 838
290 453 599
453 290 599
294 295 884
295 294 884
22 183 475
183 22 475
166 420 456
420 166 456
497 100 905
100 497 905
396 215 156
215 396 156
448 46 668
46 448 668
458 13 753
13 458 753
370 430 662
430 370 662
16 6 342
6 16 342
354 296 647
296 354 647
305 442 442
442 305 442
189 317 626
317 189 626
165 335 546
335 165 546
121 333 499
333 121 499
378 81 66
81 378 66
386 29 112
29 386 112
54 340 478
340 54 478
160 210 408
210 160 408
174 78 266
78 174 266
16 284 414
284 16 414
163 90 856
90 163 856
457 279 25
279 457 25
83 296 861
296 83 861
482 417 546
417 482 546
333 147 627
147 333 627
399 34 508
34 399 508
12 440 700
440 12 700
490 100 411
100 490 411
250 274 841
274 250 841
16 142 126
142 16 126
282 157 216
157 282 216
138 115 347
115 138 347
16 50 644
50 16 644
377 384 913
384 377 913
275 217 61
217 275 61
402 117 595
117 402 595
262 481 535
481 262 535
463 323 988
323 463 988
226 73 614
73 226 614
67 441 757
441 67 757
45 223 766
223 45 766
261 213 733
213 261 733
461 229 284
229 461 284
105 458 668
458 105 668
18 233 386
233 18 386
431 135 855
135 431 855
26 250 836
250 26 836
414 213 159
213 414 159
402 439 584
439 402 584
16 358 377
358 16 377
125 404 952
404 125 952
244 17 165
17 244 165
477 478 747
478 477 747
261 435 205
435 261 205
282 306 439
306 282 439
20 237 426
237 20 426
375 116 676
116 375 676
63 30 241
30 63 241
74 284 180
284 74 180
158 152 391
152 158 391
35 278 295
278 35 295
339 374 164
374 339 164
4 351 643
351 4 643
251 465 78
465 251 78
309 247 736
247 309 736
248 267 974
267 248 974
26 494 90
494 26 90
203 57 972
57 203 972
444 131 256
131 444 256
477 141 908
141 477 908
220 28 38
28 220 38
412 31 371
31 412 371
264 174 475
174 264 475
229 105 784
105 229 784
328 341 884
341 328 884
447 167 410
167 447 410
441 109 965
109 441 965
350 81 762
81 350 762
481 337 739
337 481 739
474 98 811
98 474 811
2 136 178
136 2 178
369 49 709
49 369 709
92 165 236
165 92 236
419 246 193
246 419 193
55 74 886
74 55 886
291 21 554
21 291 554
202 314 663
314 202 663
19 164 745
164 19 745
281 497 434
497 281 434
372 471 32
471 372 32
183 473 669
473 183 669
361 194 70
194 361 70
71 138 235
138 71 235
159 58 833
58 159 833
352 465 407
465 352 407
238 257 280
257 238 280
144 311 946
311 144 946
308 330 610
330 308 610
405 112 459
112 405 459
339 336 430
336 339 430
372 20 755
20 372 755
393 381 801
381 393 801
463 304 939
304 463 939
50 463 349
463 50 349
235 167 815
167 235 815
494 406 924
406 494 924
126 50 735
50 126 735
72 210 565
210 72 565
34 115 529
115 34 529
493 307 366
307 493 366
275 31 238
31 275 238
30 424 971
424 30 971
183 239 276
239 183 276
474 141 91
141 474 91
324 376 611
376 324 611
491 222 369
222 491 369
267 348 271
348 267 271
2 420 982
420 2 982
419 454 949
454 419 949
301 447 256
447 301 256
19 222 639
222 19 639
257 104 63
104 257 63
228 287 654
287 228 654
356 261 647
261 356 647
300 437 875
437 300 875
263 280 97
280 263 97
132 47 945
47 132 945
403 49 365
49 403 365
237 321 671
321 237 671
39 122 618
122 39 618
147 493 692
493 147 692
287 250 296
250 287 296
202 330 935
330 202 935
357 39 549
39 357 549
356 191 486
191 356 486
232 454 267
454 232 267
181 438 814
438 181 814
127 193 216
193 127 216
344 431 37
431 344 37
16 470 511
470 16 511
486 117 4
117 486 4
179 256 106
256 179 106
327 459 788
459 327 788
263 168 327
168 263 327
164 24 870
24 164 870
150 108 676
108 150 676
269 290 114
290 269 114
84 269 808
269 84 808
152 113 739
113 152 739
41 481 561
481 41 561
404 468 530
468 404 530
408 499 287
499 408 287
366 178 246
178 366 246
154 293 414
293 154 414
334 457 790
457 334 790
56 108 899
108 56 899
233 229 541
229 233 541
347 165 310
165 347 310
7 317 275
317 7 275
98 358 109
358 98 109
11 262 77
262 11 77
42 22 928
22 42 928
181 240 606
240 181 606
427 247 752
247 427 752
193 433 209
433 193 209
335 489 169
489 335 169
86 74 899
74 86 899
127 274 564
274 127 564
289 281 734
281 289 734
417 232 92
232 417 92
26 243 207
243 26 207
455 285 81
285 455 81
383 466 822
466 383 822
341 245 569
245 341 569
93 290 354
290 93 354
155 478 343
478 155 343
324 64 270
64 324 270
75 44 544
44 75 544
140 333 677
333 140 677
374 250 409
250 374 409
318 128 653
128 318 653
377 83 938
83 377 938
459 318 257
318 459 257
133 160 854
160 133 854
54 105 497
105 54 497
408 260 975
260 408 975
103 437 539
437 103 539
373 12 83
12 373 83
269 152 269
152 269 269
447 378 371
378 447 371
356 49 500
49 356 500
9 426 83
426 9 83
300 237 402
237 300 402
409 370 414
370 409 414
263 424 519
424 263 519
112 184 632
184 112 632
87 288 569
288 87 569
127 13 581
13 127 581
62 283 586
283 62 586
331 230 316
230 331 316
55 438 865
438 55 865
55 448 144
448 55 144
138 100 881
100 138 881
392 9 252
9 392 252
306 124 528
124 306 528
178 237 65
237 178 65
162 324 205
324 162 205
231 303 218
303 231 218
164 218 353
218 164 353
102 49 583
49 102 583
271 456 374
456 271 374
136 11 322
11 136 322
280 2 774
2 280 774
14 394 635
394 14 635
118 53 759
53 118 759
498 231 348
231 498 348
63 245 25
245 63 25
268 476 680
476 268 680
339 492 398
492 339 398
192 447 800
447 192 800
128 218 256
218 128 256
2 206 268
206 2 268
176 339 622
339 176 622
450 353 16
353 450 16
85 323 921
323 85 921
196 321 504
321 196 504
45 385 749
385 45 749
422 5 577
5 422 577
102 344 570
344 102 570
353 37 369
37 353 369
153 165 939
165 153 939
261 167 145
167 261 145
29 343 484
343 29 484
3 145 189
145 3 189
20 230 512
230 20 512
441 278 686
278 441 686
446 175 423
175 446 423
195 97 928
97 195 928
125 52 125
52 125 125
195 405 14
405 195 14
416 410 531
410 416 531
355 171 50
171 355 50
0 53 245
53 0 245
337 56 890
56 337 890
378 76 972
76 378 972
243 370 250
370 243 250
429 168 426
168 429 426
204 215 875
215 204 875
484 340 927
340 484 927
109 387 684
387 109 684
123 303 946
303 123 946
6 10 618
10 6 618
56 363 671
363 56 671
301 200 727
200 301 727
191 430 156
430 191 156
15 173 878
173 15 878
266 454 398
454 266 398
44 158 113
158 44 113
419 143 306
143 419 306
199 104 193
104 199 193
235 80 849
80 235 849
182 86 859
86 182 859
300 143 74
143 300 74
323 444 274
444 323 274
402 488 57
488 402 57
410 3 582
3 410 582
140 121 537
121 140 537
47 4 789
4 47 789
42 310 988
310 42 988
147 355 575
355 147 575
227 56 109
56 227 109
313 268 261
268 313 261
456 342 84
342 456 84
253 469 339
469 253 339
93 26 749
26 93 749
448 108 390
108 448 390
422 497 780
497 422 780
439 45 284
45 439 284
228 87 446
87 228 446
68 234 154
234 68 154
144 313 710
313 144 710
253 127 478
127 253 478
15 435 321
435 15 321
451 40 790
40 451 790
290 133 668
133 290 668
392 434 776
434 392 776
134 356 774
356 134 774
414 295 171
295 414 171
51 24 258
24 51 258
349 444 345
444 349 345
3 88 10
88 3 10
214 194 637
194 214 637
44 61 925
61 44 925
217 12 317
12 217 317
7 155 303
155 7 303
27 47 737
47 27 737
156 33 93
33 156 93
282 299 240
299 282 240
453 350 616
350 453 616
63 200 561
200 63 561
260 203 1
203 260 1
271 269 695
269 271 695
260 314 256
314 260 256
37 31 121
31 37 121
355 391 276
391 355 276
158 418 175
418 158 175
247 426 208
426 247 208
192 208 507
208 192 507
432 161 710
161 432 710
401 77 262
77 401 262
462 337 965
337 462 965
463 460 587
460 463 587
11 221 901
221 11 901
119 258 284
258 119 284
240 465 175
465 240 175
368 123 946
123 368 946
43 370 372
370 43 372
103 414 933
414 103 933
463 347 446
347 463 446
25 248 523
248 25 523
287 62 213
62 287 213
252 377 173
377 252 173
191 388 394
388 191 394
92 8 505
8 92 505
229 100 470
100 229 470
404 469 946
469 404 946
202 364 668
364 202 668
427 320 83
320 427 83
212 283 430
283 212 430
158 308 30
308 158 30
182 447 444
447 182 444
395 51 321
51 395 321
68 243 62
243 68 62
315 335 570
335 315 570
320 64 670
64 320 670
290 321 991
321 290 991
236 375 356
375 236 356
405 154 676
154 405 676
488 366 811
366 488 811
270 25 471
25 270 471
152 59 918
59 152 918
448 454 469
454 448 469
269 374 712
374 269 712
331 189 900
189 331 900
253 361 316
361 253 316
276 4 489
4 276 489
267 92 717
92 267 717
475 497 371
497 475 371
151 337 90
337 151 90
314 459 967
459 314 967
285 463 526
463 285 526
55 411 332
411 55 332
25 33 558
33 25 558
89 216 600
216 89 600
489 470 961
470 489 961
158 98 465
98 158 465
147 365 58
365 147 58
216 341 407
341 216 407
440 344 597
344 440 597
30 159 408
159 30 408
349 296 872
296 349 872
375 352 135
352 375 135
59 229 168
229 59 168
117 318 385
318 117 385
217 160 707
160 217 707
31 318 157
318 31 157
348 317 22
317 348 22
258 34 715
34 258 715
166 474 912
474 166 912
115 356 423
356 115 423
23 205 719
205 23 719
395 432 423
432 395 423
383 491 652
491 383 652
51 108 471
108 51 471
288 178 131
178 288 131
347 209 301
209 347 301
4 57 470
57 4 470
379 316 4
316 379 4
446 334 330
334 446 330
358 449 186
449 358 186
133 472 243
472 133 243
353 220 675
220 353 675
276 103 166
103 276 166
281 6 627
6 281 627
252 147 657
147 252 657
235 494 866
494 235 866
388 351 775
351 388 775
358 230 443
230 358 443
363 28 629
28 363 629
45 239 930
239 45 930
84 372 755
372 84 755
327 77 975
77 327 975
3 354 430
354 3 430
21 487 936
487 21 936
148 239 935
239 148 935
157 326 430
326 157 430
23 214 281
214 23 281
151 72 863
72 151 863
446 287 891
287 446 891
428 185 982
185 428 982
358 269 855
269 358 855
113 96 932
96 113 932
440 451 638
451 440 638
222 473 625
473 222 625
11 473 716
473 11 716
446 131 42
131 446 42
376 6 608
6 376 608
33 224 956
224 33 956
320 468 736
468 320 736
5 450 94
450 5 94
274 305 560
305 274 560
223 90 0
90 223 0
174 228 223
228 174 223
499 354 734
354 499 734
473 422 180
422 473 180
456 465 409
465 456 409
462 73 270
73 462 270
472 106 995
106 472 995
280 279 315
279 280 315
16 136 617
136 16 617
462 263 775
263 462 775
22 338 865
338 22 865
23 12 945
12 23 945
98 12 651
12 98 651
184 337 74
337 184 74
364 293 539
293 364 539
125 107 964
107 125 964
396 431 923
431 396 923
243 211 54
211 243 54
58 79 42
79 58 42
27 394 805
394 27 805
302 416 495
416 302 495
167 291 8
291 167 8
113 389 372
389 113 372
264 73 561
73 264 561
338 290 206
290 338 206
229 415 813
415 229 813
194 163 245
163 194 245
469 258 808
258 469 808
23 168 240
168 23 240
65 196 634
196 65 634
223 498 902
498 223 902
218 166 694
166 218 694
78 131 935
131 78 935
302 247 361
247 302 361
215 86 503
86 215 503
421 167 770
167 421 770
235 361 434
361 235 434
332 182 192
182 332 192
492 57 361
57 492 361
84 123 909
123 84 909
218 198 907
198 218 907
121 268 925
268 121 925
167 199 556
199 167 556
454 1 804
1 454 804
315 69 742
69 315 742
318 490 909
490 318 909
441 77 623
77 441 623
375 261 157
261 375 157
419 254 215
254 419 215
132 338 190
338 132 190
41 409 888
409 41 888
301 382 508
382 301 508
226 401 707
401 226 707
135 355 561
355 135 561
291 23 630
23 291 630
33 341 472
341 33 472
294 134 550
134 294 550
269 9 811
9 269 811
427 281 417
281 427 417
494 265 608
265 494 608
184 159 369
159 184 369
424 460 251
460 424 251
432 186 652
186 432 652
140 173 859
173 140 859
201 464 882
464 201 882
183 349 576
349 183 576
155 144 710
144 155 710
57 265 72
265 57 72
369 44 853
44 369 853
138 38 470
38 138 470
98 74 129
74 98 129
467 498 441
498 467 441
70 431 980
431 70 980
74 71 653
71 74 653
434 124 618
124 434 618
316 159 967
159 316 967
392 314 963
314 392 963
455 372 581
372 455 581
27 93 977
93 27 977
232 83 16
83 232 16
202 182 942
182 202 942
184 149 941
149 184 941
125 220 872
220 125 872
105 294 795
294 105 795
259 80 271
80 259 271
377 397 930
397 377 930
196 141 596
141 196 596
160 448 820
448 160 820
93 475 765
475 93 765
70 207 849
207 70 849
438 262 31
262 438 31
381 446 32
446 381 32
322 71 104
71 322 104
46 177 899
177 46 899
193 436 331
436 193 331
464 165 228
165 464 228
246 361 222
361 246 222
194 373 670
373 194 670
15 318 998
318 15 998
280 389 705
389 280 705
481 327 319
327 481 319
364 60 265
60 364 265
397 382 337
382 397 337
1 280 866
280 1 866
252 473 802
473 252 802
84 289 819
289 84 819
164 35 532
35 164 532
238 230 258
230 238 258
409 97 576
97 409 576
407 377 465
377 407 465
464 359 645
359 464 645
284 75 705
75 284 705
401 472 940
472 401 940
238 326 220
326 238 220
456 78 46
78 456 46
258 14 335
14 258 335
429 31 371
31 429 371
462 269 453
269 462 453
220 178 50
178 220 50
148 437 279
437 148 279
466 254 990
254 466 990
111 390 566
390 111 566
168 291 38
291 168 38
108 382 216
382 108 216
181 338 295
338 181 295
227 449 661
449 227 661
414 378 192
378 414 192
285 192 462
192 285 462
90 264 492
264 90 492
140 413 282
413 140 282
420 379 888
379 420 888
410 342 630
342 410 630
328 10 421
10 328 421
367 471 655
471 367 655
83 4 846
4 83 846
230 231 147
231 230 147
244 497 377
497 244 377
436 135 70
135 436 70
250 225 186
225 250 186
95 366 599
366 95 599
377 138 830
138 377 830
117 400 172
400 117 172
247 229 683
229 247 683
6 28 531
28 6 531
10 374 614
374 10 614
93 21 358
21 93 358
90 398 646
398 90 646
225 320 749
320 225 749
451 7 344
7 451 344
169 458 573
458 169 573
307 289 690
289 307 690
59 313 789
313 59 789
288 348 309
348 288 309
236 354 837
354 236 837
120 364 563
364 120 563
86 457 436
457 86 436
444 400 687
400 444 687
442 125 359
125 442 359
191 428 866
428 191 866
35 97 677
97 35 677
460 256 318
256 460 318
150 168 131
168 150 131
439 456 980
456 439 980
101 45 186
45 101 186
290 17 51
17 290 51
206 103 360
103 206 360
142 399 612
399 142 612
329 341 90
341 329 90
189 385 18
385 189 18
407 272 968
272 407 968
436 233 76
233 436 76
254 383 744
383 254 744
238 175 553
175 238 553
450 404 918
404 450 918
467 307 624
307 467 624
70 20 119
20 70 119
469 484 300
484 469 300
162 74 489
74 162 489
47 445 249
445 47 249
320 413 685
413 320 685
53 341 792
341 53 792
288 438 30
438 288 30
315 491 600
491 315 600
295 441 356
441 295 356
214 260 516
260 214 516
190 330 36
330 190 36
161 151 872
151 161 872
462 313 447
313 462 447
303 361 392
361 303 392
52 181 657
181 52 657
90 86 998
86 90 998
234 226 436
226 234 436
264 42 779
42 264 779
364 337 72
337 364 72
220 403 832
403 220 832
236 446 14
446 236 14
124 107 665
107 124 665
497 421 979
421 497 979
296 225 340
225 296 340
188 129 373
129 188 373
345 71 811
71 345 811
195 305 537
305 195 537
132 69 431
69 132 431
263 433 621
433 263 621
336 6 376
6 336 376
20 242 674
242 20 674
35 219 282
219 35 282
200 216 555
216 200 555
179 12 280
12 179 280
371 52 410
52 371 410
96 249 981
249 96 981
407 444 787
444 407 787
297 428 208
428 297 208
80 192 494
192 80 494
53 380 0
380 53 0
430 252 594
252 430 594
104 287 313
287 104 313
238 340 381
340 238 381
294 19 245
19 294 245
426 243 649
243 426 649
336 191 898
191 336 898
170 99 343
99 170 343
309 248 123
248 309 123
17 328 667
328 17 667
363 382 399
382 363 399
363 164 152
164 363 152
310 120 939
120 310 939
475 359 779
359 475 779
357 5 651
5 357 651
454 431 246
431 454 246
104 120 937
120 104 937
2 142 536
142 2 536
197 451 636
451 197 636
317 340 184
340 317 184
51 240 899
240 51 899
215 392 209
392 215 209
335 183 185
183 335 185
46 315 894
315 46 894
403 466 848
466 403 848
335 212 804
212 335 804
307 149 307
149 307 307
449 38 856
38 449 856
252 26 529
26 252 529
222 460 894
460 222 894
314 360 961
360 314 961
206 421 149
421 206 149
241 458 47
458 241 47
56 352 451
352 56 451
22 53 138
53 22 138
86 357 945
357 86 945
88 16 746
16 88 746
126 225 498
225 126 498
4 254 422
254 4 422
348 328 883
328 348 883
94 142 595
142 94 595
16 409 942
409 16 942
475 456 998
456 475 998
179 407 373
407 179 373
232 45 311
45 232 311
90 342 399
342 90 399
458 88 877
88 458 877
183 438 382
438 183 382
290 361 582
361 290 582
118 96 676
96 118 676
261 43 436
43 261 436
461 59 345
59 461 345
255 386 302
386 255 302
61 479 150
479 61 150
459 142 740
142 459 740
301 42 51
42 301 51
242 419 234
419 242 234
180 153 524
153 180 524
393 235 143
235 393 143
489 264 756
264 489 756
32 200 217
200 32 217
444 46 325
46 444 325
182 200 431
200 182 431
100 261 262
261 100 262
251 220 404
220 251 404
343 374 946
374 343 946
394 468 718
468 394 718
129 148 223
148 129 223
153 42 959
42 153 959
296 383 75
383 296 75
404 268 275
268 404 275
122 212 821
212 122 821
299 394 21
394 299 21
230 347 635
347 230 635
492 98 207
98 492 207
248 441 581
441 248 581
47 336 49
336 47 49
265 465 50
465 265 50
340 470 92
470 340 92
151 119 975
119 151 975
226 23 743
23 226 743
2 497 307
497 2 307
175 296 554
296 175 554
49 26 401
26 49 401
184 370 999
370 184 999
243 119 792
119 243 792
325 166 128
166 325 128
226 283 945
283 226 945
128 123 416
123 128 416
220 127 387
127 220 387
48 353 910
